\begin{aligned}

A&=\begin{bmatrix}
5 & 8 & -4 \\
6 & 9 & -5 \\
4 & 7 & -3
\end{bmatrix};
B=\begin{bmatrix}
3 & 2  & 5 \\
4 & -1 & 3 \\
9 & 6  & 5
\end{bmatrix} \\
\\
AB&=\begin{bmatrix}
5 & 8 & -4 \\
6 & 9 & -5 \\
4 & 7 & -3
\end{bmatrix}
\begin{bmatrix}
3 & 2  & 5 \\
4 & -1 & 3 \\
9 & 6  & 5
\end{bmatrix} \\

&=\begin{bmatrix}
5.3 + 8.4 -4.9 & 5.2 + 8(-1) -4.6 & 5.5 + 8.3 -4.5 \\
6.3 + 9.4 -5.9 & 6.2 + 9(-1) -5.6 & 6.5 + 9.3 -5.5 \\
4.3 + 7.4 -3.9 & 4.2 + 7(-1) -3.6 & 4.5 + 7.3 -3.5
\end{bmatrix} \\

&=\begin{bmatrix}
11 & -22 & 29 \\
9  & -27 & 32 \\
13 & -17 & 26
\end{bmatrix} \\
\\

BA&=\begin{bmatrix}
3 & 2  & 5 \\
4 & -1 & 3 \\
9 & 6  & 5
\end{bmatrix}
\begin{bmatrix}
5 & 8 & -4 \\
6 & 9 & -5 \\
4 & 7 & -3
\end{bmatrix} \\

&=\begin{bmatrix}
3.5 + 2.6 + 5.4 & 3.8 + 2.9 + 5.7 & 3(-4) + 2(-5) + 5(-3) \\
4.5 - 1.6 + 3.4 & 4.8 - 1.9 + 3.7 & 4(-4) - 1(-5) + 3(-3) \\
9.5 + 6.6 + 5.4 & 9.8 + 6.9 + 5.7 & 9(-4) + 6(-5) + 5(-3)
\end{bmatrix} \\

&=\begin{bmatrix}
47 & 77 & -37 \\
26 & 44 & -20 \\
101 & 161 & -81
\end{bmatrix} \\

\end{aligned}
